0005555555555555555555555555555555555000
0005566666666666666666666666666666655000
0005566666666666666666666666666666655000
0005566666666666666666666666666666655000
0005566666666666666666666666666666655000
0005566666666666666666666666666666655000
0005566666666666666666666666666666655000
0005566666666666666666666666666666655000
0005566666666666666666666666666666655000
0005566666666666666666666666666666655000
0005566666666666666666666666666666655000
0005566666666666666666666666666666655000
0005566666666666666666666666666666655000
0005566666666666666666666666666666655000
0005566666666666666666666666666666655000
0005566666666666666666666666666666655000
0005566666666666666666666666666666655000
0005566666666666666666666666666666655000
0005566666666666666666666666666666655000
0005566666666666666666666666666666655000
0005566666666666666666666666666666655000
0005566666666666666666666666666666655000
0005566666666666666666666666666666655000
0005566666666666666666666666666666655000
0005566666666666666666666666666666655000
0005566666666666666666666666666666655000
0005566666666666666666666666666666655000
0005566666666666666666666666666666655000
0005566666666666666666666666666666655000
0005566666666666666666666666666666655000
0005566666666666666666666666666666655000
0005566666666666666666666666666666655000
0005566666666666666666666666666666655000
0005566666666666666666666666666666655000
0005566666666666666666666666666666655000
0005566666666666666666666666666666655000
0005566666666666666666666666666666655000
0005566666666666666666666666666666655000
0005566666666666666666666666666666655000
2225555555555555555555555555555555555222